1 0.446078 0.0952818 0.45038 0.0987601 0.456966 0.100386 0.477183 0.102464 0.533152 0.112738 0.555263 0.115395 0.560435 0.116667 0.564103 0.118808 0.566712 0.122335 0.567908 0.126747 0.567962 0.141739 0.561476 0.15467 0.560444 0.160837 0.560435 0.17818 0.558605 0.184348 0.55875 0.190242 0.56298 0.196119 0.572192 0.201288 0.587708 0.207118 0.605118 0.211578 0.611223 0.21124 0.617726 0.207585 0.638234 0.18847 0.665127 0.167311 0.680199 0.152899 0.69933 0.137037 0.702165 0.132915 0.704293 0.126151 0.704257 0.111159 0.702056 0.107053 0.697301 0.104138 0.68413 0.100306 0.635217 0.0890821 0.54538 0.0628019 0.523279 0.0571981 0.514348 0.0570853 0.503524 0.0610145 0.484239 0.0740741 0.468252 0.0801932 0.448261 0.0914654
0 0.565371 0.86058 0.563071 0.861449 0.560462 0.866393 0.554185 0.864557 0.548859 0.864541 0.547409 0.867021 0.545824 0.873462 0.546585 0.87744 0.548641 0.881192 0.542654 0.890596 0.541476 0.900274 0.542672 0.908229 0.537409 0.919887 0.53913 0.939742 0.533406 0.950419 0.529275 0.969775 0.529076 0.97475 0.530571 0.977955 0.549067 0.990129 0.552473 0.989018 0.555543 0.966795 0.554139 0.94818 0.561187 0.935282 0.561241 0.919887 0.564375 0.911691 0.567047 0.888857 0.569067 0.880918 0.57029 0.865024 0.568614 0.86182
2 0.344909 0.511111 0.344176 0.525089 0.342292 0.531256 0.342274 0.542963 0.343043 0.548535 0.347074 0.551192 0.372998 0.553897 0.426449 0.565346 0.466141 0.571755 0.481504 0.572399 0.498786 0.570258 0.507111 0.568341 0.513116 0.5643 0.513188 0.555588 0.514973 0.541465 0.510634 0.539179 0.466784 0.527327 0.45462 0.523156 0.394121 0.507907 0.3874 0.506924 0.365317 0.506876 0.353152 0.505105 0.348714 0.505878
2 0.512428 0.564976 0.513668 0.566457 0.516975 0.566216 0.535154 0.560467 0.545969 0.555266 0.549357 0.55256 0.550643 0.548953 0.517428 0.540145 0.514873 0.540676 0.513832 0.542882
2 0.581069 0.562754 0.579891 0.560531 0.576467 0.558357 0.568207 0.556602 0.546422 0.568357 0.518895 0.580531 0.520444 0.583849 0.525091 0.585733 0.564746 0.596763 0.568351 0.593317 0.572156 0.579211 0.575643 0.572544 0.580906 0.565749
2 0.622201 0.256554 0.618696 0.254879 0.616114 0.255459 0.608351 0.260113 0.591467 0.274783 0.570254 0.297214 0.534511 0.332013 0.520879 0.343768 0.513379 0.354348 0.508895 0.363768 0.508034 0.369179 0.509447 0.372576 0.51288 0.373301 0.524638 0.368808 0.529339 0.365362 0.615408 0.282158 0.621187 0.275346 0.623723 0.270403 0.62433 0.262174
3 0.851187 0.169388 0.846721 0.173027 0.843741 0.177343 0.844547 0.186618 0.84154 0.209034 0.84279 0.211787 0.84769 0.216795 0.848524 0.220886 0.853895 0.227794 0.855797 0.232528 0.857428 0.240725 0.856703 0.265089 0.858578 0.26686 0.865208 0.267971 0.869185 0.269726 0.873732 0.268325 0.882065 0.268696 0.889828 0.266602 0.892672 0.26723 0.894574 0.269275 0.900063 0.272077 0.90404 0.271562 0.908379 0.265942 0.909928 0.259903 0.917853 0.240515 0.920389 0.227568 0.924801 0.216795 0.924457 0.207101 0.921449 0.196538 0.916911 0.188551 0.904611 0.17723 0.899112 0.173784 0.888505 0.169308 0.872591 0.165749 0.863125 0.1657
3 0.833587 0.240451 0.837083 0.224283 0.841902 0.220032 0.84606 0.224106 0.850226 0.237118 0.851332 0.248325 0.850226 0.263736 0.849248 0.264847 0.845272 0.26475 0.84019 0.259855 0.837808 0.25533
5 0.39077 0.782045 0.37875 0.769871 0.368424 0.763108 0.354493 0.757134 0.344692 0.754316 0.331793 0.752335 0.303406 0.752287 0.279149 0.756844 0.263152 0.762126 0.238379 0.774461 0.219801 0.787327 0.196168 0.810048 0.174746 0.836312 0.160716 0.859952 0.14192 0.89715 0.13538 0.916409 0.126005 0.953607 0.122844 0.975056 0.122011 0.99934 0.12692 1 0.356594 0.999597 0.358886 0.994316 0.368324 0.98599 0.379792 0.973736 0.39058 0.956667 0.400082 0.934348 0.409592 0.89496 0.410743 0.884026 0.410743 0.838937 0.40846 0.824493 0.401467 0.802174 0.394692 0.787729
5 0.864629 0.565427 0.852844 0.576393 0.846132 0.588084 0.844402 0.593205 0.843524 0.60161 0.839638 0.619533 0.839674 0.62905 0.842808 0.644783 0.849828 0.662335 0.860326 0.678792 0.871812 0.692625 0.881585 0.700757 0.903143 0.712786 0.933315 0.724654 0.957745 0.730886 0.978152 0.738052 0.991377 0.74438 0.999574 0.746651 0.999728 0.578905 0.981313 0.57475 0.950562 0.564171 0.923261 0.556039 0.909457 0.553736 0.89538 0.553688 0.884457 0.555958 0.872672 0.560386
