1 0.377844 0.110451 0.388469 0.115298 0.413868 0.120515 0.426567 0.12496 0.474185 0.135378 0.479946 0.13839 0.483723 0.144026 0.486332 0.155668 0.486322 0.169436 0.483777 0.175427 0.475109 0.18248 0.471757 0.187778 0.471504 0.219517 0.465408 0.230805 0.465417 0.23715 0.469112 0.241369 0.481069 0.248728 0.513342 0.265233 0.528161 0.270998 0.535036 0.272077 0.541386 0.270419 0.585833 0.245185 0.628161 0.216345 0.66192 0.196506 0.664728 0.193768 0.667301 0.184251 0.667274 0.166602 0.66519 0.160258 0.659375 0.155475 0.644031 0.149855 0.621812 0.143833 0.575254 0.129034 0.486884 0.0943317 0.45673 0.0852013 0.449321 0.0851208 0.428687 0.0904509 0.413868 0.0966345 0.381594 0.106828
2 0.555725 0.337053 0.552473 0.334155 0.546024 0.333478 0.538551 0.336409 0.512736 0.352142 0.484547 0.374879 0.400308 0.435298 0.392292 0.442947 0.380435 0.457488 0.374964 0.46818 0.374891 0.471755 0.376024 0.473897 0.378225 0.474976 0.384339 0.47504 0.400308 0.471739 0.409819 0.466973 0.464846 0.427552 0.491377 0.406747 0.532364 0.376651 0.54702 0.365024 0.55365 0.357069 0.556857 0.348019 0.556875 0.339791
2 0.0680435 0.672721 0.0639221 0.684944 0.065 0.703285 0.0555978 0.714847 0.0532337 0.725024 0.055317 0.737939 0.0571286 0.741675 0.060308 0.74467 0.117871 0.760386 0.17558 0.782254 0.181168 0.782754 0.196685 0.780805 0.220263 0.786683 0.233297 0.791981 0.256259 0.804444 0.271766 0.809581 0.28356 0.810628 0.307763 0.80913 0.314592 0.807214 0.317908 0.803833 0.322074 0.776329 0.324484 0.768519 0.324855 0.763414 0.322337 0.759485 0.299076 0.749791 0.284801 0.741401 0.172482 0.693977 0.152618 0.68475 0.132147 0.677713 0.120353 0.674444 0.107319 0.67219 0.0911866 0.667375 0.0775362 0.667295 0.0722101 0.66913
2 0.342002 0.83409 0.343696 0.838068 0.349429 0.841965 0.380226 0.85744 0.389049 0.860966 0.391993 0.86095 0.395389 0.859179 0.404058 0.846634 0.412011 0.838277 0.420498 0.832254 0.429909 0.828084 0.434611 0.829018 0.44077 0.833253 0.464882 0.855813 0.467808 0.856538 0.470435 0.853317 0.470417 0.849775 0.467074 0.841836 0.458696 0.831176 0.451241 0.823639 0.444783 0.818293 0.434339 0.812335 0.422264 0.802528 0.415507 0.799694 0.412274 0.799597 0.406096 0.801707 0.376703 0.817729 0.352301 0.826506 0.345308 0.830161
2 0.28337 0.804477 0.287156 0.809356 0.292627 0.810902 0.314303 0.807923 0.322554 0.808406 0.336495 0.80591 0.356621 0.800628 0.368487 0.795749 0.379982 0.788808 0.381268 0.786973 0.38135 0.784203 0.378795 0.781755 0.366938 0.775362 0.339067 0.763253 0.329783 0.760225 0.319457 0.758454 0.302953 0.75095 0.294692 0.749517 0.290779 0.752899 0.286549 0.769163 0.283397 0.789742
3 0.8475 0.262464 0.842844 0.266248 0.840978 0.27066 0.840824 0.280322 0.838216 0.295217 0.838179 0.301739 0.839837 0.306715 0.846014 0.317166 0.851069 0.328921 0.857554 0.33963 0.855942 0.374122 0.857908 0.380403 0.86327 0.384815 0.878813 0.390225 0.893696 0.390902 0.905462 0.396039 0.912129 0.394734 0.915906 0.391353 0.919411 0.386135 0.924004 0.376731 0.939737 0.333881 0.940743 0.325781 0.940317 0.320032 0.937337 0.309855 0.931585 0.299662 0.921902 0.287649 0.912346 0.279211 0.900353 0.271401 0.879918 0.262979 0.871042 0.260789 0.854158 0.260209
3 0.829303 0.348196 0.829312 0.337343 0.832029 0.326103 0.833868 0.322464 0.837283 0.320821 0.842889 0.323784 0.84692 0.330161 0.851476 0.349372 0.851449 0.372882 0.849429 0.377005 0.845779 0.379098 0.841775 0.378213 0.839339 0.37649 0.833868 0.369485
5 0.999946 0.869291 0.971069 0.853816 0.960679 0.849452 0.947754 0.845556 0.926966 0.84248 0.912364 0.843172 0.897754 0.84599 0.884275 0.851337 0.874783 0.857504 0.865761 0.865507 0.859973 0.87285 0.849556 0.891304 0.843324 0.910419 0.842201 0.920531 0.843143 0.922786 0.845507 0.92343 0.866576 0.91963 0.898877 0.918132 0.907246 0.914622 0.915571 0.907649 0.919384 0.905684 0.926404 0.904219 0.935399 0.904235 0.959266 0.907874 0.979774 0.912915 0.999574 0.916216
5 0.843324 0.92789 0.846078 0.924316 0.869103 0.919807 0.895226 0.919147 0.901404 0.917971 0.906676 0.915556 0.919103 0.90686 0.927527 0.90475 0.935679 0.905105 0.974719 0.911852 0.999565 0.918341 0.999964 0.976989 0.998315 0.977327 0.975562 0.97132 0.969946 0.970692 0.955335 0.966425 0.932871 0.962818 0.923614 0.957488 0.916042 0.950274 0.911803 0.943655 0.904855 0.937504 0.898043 0.934509 0.892699 0.933591 0.861522 0.934203 0.84558 0.937021 0.843841 0.93525
5 0.842699 0.96211 0.844502 0.939243 0.846132 0.937295 0.847681 0.936651 0.861522 0.934203 0.892699 0.933591 0.898043 0.934509 0.904855 0.937504 0.909955 0.942013 0.912156 0.944203 0.916042 0.950274 0.923614 0.957488 0.932871 0.962818 0.943433 0.964509 0.962446 0.968502 0.969946 0.970692 0.975562 0.97132 0.988859 0.974831 0.999855 0.977987 0.999964 0.999597 0.851957 0.999871 0.845571 0.985894
